00000000000000000001001010110111
00000000000000000001001000110111
00000000000000000010011100000011
00000010111001111001100001100011
11111111100111111111000001101111
00000000000100000010000010100011
00000000001000000010000100100011
00000000001100000010000110100011
00000000010000000010001000100011
00000000010100000010001010100011
00000000011000000010001100100011
00000000100100000010011010000011
00000000000101101100011010010011
00000000110100000010010010100011
11111101000111111111000001101111
00000000000101111100011110010011
00000000000000111011011010110111
00001100110100001000100001100011
00000000000100001000000010010011
11111100100111111111000001101111
01000000101001010000010100110011
11111011010111111111000001101111
00000000000000000001001010110111
00000000000000000001001000110111
00000000000100110000001100010011
00000000000101010000010100010011
00000000000000000100011010110111
11111110110101010000001011100011
11111010010111111111000001101111
00000000000000000001001000110111
00000000000101011100010110010011
00000000000100101000001010010011
00000000000000001101011010110111
11111100010101101000101011100011
11111000110111111111000001101111
00000000000000011110011010110111
11111110010001101000001011100011
11111000000111111111000001101111
00000000000000011101011010110111
11111100010001101000110011100011
11110111010111111111000001101111
00000000101000000010010100000011
00000000000000000000011010110111
11111110110101010000000011100011
11111110100111111111000001101111
00000000000000011111011010110111
11111010110100100000111011100011
11110101100111111111000001101111
00000000000000100000011010110111
11111010110100100000100011100011
11110100110111111111000001101111
00000000000000000000011010110111
11111110101101101000100011100011
11111110000111111111000001101111
00000000000000000001011010110111
11111110101101101000001011100011
11111101010111111111000001101111
00000000000000000000000110110111
00000000000100100000001000010011
00000000000000000010011010110111
11111010010101101000101011100011
00000000000000000111011010110111
11111110010101101101000011100011
11111101000111111111000001101111
00000000000000000000000100110111
00000000000100011000000110010011
00000000000000011000011010110111
11111100110100011000110011100011
11110000010111111111000001101111
00000000000000000000000010110111
00000000000100010000000100010011
00000000000000111100011010110111
11111110110100010000000011100011
11101111000111111111000001101111
00000000000000000000000000000000
00000000000000000000000000000000
00000000000000000000000000000000
00000000000000000000000000000000
00000000000000000000000000000000
00000000000000000000000000000000
00000000000000000000000000000000
00000000000000000000000000000000
00000000000000000000000000000000
00000000000000000000000000000000
00000000000000000000000000000000
00000000000000000000000000000000
00000000000000000000000000000000
00000000000000000000000000000000
00000000000000000000000000000000
00000000000000000000000000000000
00000000000000000000000000000000
00000000000000000000000000000000
00000000000000000000000000000000
00000000000000000000000000000000
00000000000000000000000000000000
00000000000000000000000000000000
00000000000000000000000000000000
00000000000000000000000000000000
00000000000000000000000000000000
00000000000000000000000000000000
00000000000000000000000000000000
00000000000000000000000000000000
00000000000000000000000000000000
00000000000000000000000000000000
00000000000000000000000000000000
00000000000000000000000000000000
00000000000000000000000000000000
00000000000000000000000000000000
00000000000000000000000000000000
00000000000000000000000000000000
00000000000000000000000000000000
00000000000000000000000000000000
00000000000000000000000000000000
00000000000000000000000000000000
00000000000000000000000000000000
00000000000000000000000000000000
00000000000000000000000000000000
00000000000000000000000000000000
00000000000000000000000000000000
00000000000000000000000000000000
00000000000000000000000000000000
00000000000000000000000000000000
00000000000000000000000000000000
00000000000000000000000000000000
00000000000000000000000000000000
00000000000000000000000000000000
00000000000000000000000000000000
00000000000000000000000000000000
00000000000000000000000000000000
00000000000000000000000000000000
00000000000000000000000000000000
00000000000000000000000000000000
00000000000000000000000000000000
00000000000000000000000000000000
00000000000000000000000000000000
00000000000000000000000000000000
00000000000000000000000000000000
00000000000000000000000000000000
00000000000000000000000000000000
00000000000000000000000000000000
00000000000000000000000000000000
00000000000000000000000000000000
00000000000000000000000000000000
00000000000000000000000000000000
00000000000000000000000000000000
00000000000000000000000000000000
00000000000000000000000000000000
00000000000000000000000000000000
00000000000000000000000000000000
00000000000000000000000000000000
00000000000000000000000000000000
00000000000000000000000000000000
00000000000000000000000000000000
00000000000000000000000000000000
00000000000000000000000000000000
00000000000000000000000000000000
00000000000000000000000000000000
00000000000000000000000000000000
00000000000000000000000000000000
00000000000000000000000000000000
00000000000000000000000000000000
00000000000000000000000000000000
00000000000000000000000000000000
00000000000000000000000000000000
00000000000000000000000000000000
00000000000000000000000000000000
00000000000000000000000000000000
00000000000000000000000000000000
00000000000000000000000000000000
00000000000000000000000000000000
00000000000000000000000000000000
00000000000000000000000000000000
00000000000000000000000000000000
00000000000000000000000000000000
00000000000000000000000000000000
00000000000000000000000000000000
00000000000000000000000000000000
00000000000000000000000000000000
00000000000000000000000000000000
00000000000000000000000000000000
00000000000000000000000000000000
00000000000000000000000000000000
00000000000000000000000000000000
00000000000000000000000000000000
00000000000000000000000000000000
00000000000000000000000000000000
00000000000000000000000000000000
00000000000000000000000000000000
00000000000000000000000000000000
00000000000000000000000000000000
00000000000000000000000000000000
00000000000000000000000000000000
00000000000000000000000000000000
00000000000000000000000000000000
00000000000000000000000000000000
00000000000000000000000000000000
00000000000000000000000000000000
00000000000000000000000000000000
00000000000000000000000000000000
00000000000000000000000000000000
00000000000000000000000000000000
00000000000000000000000000000000
