00000000000100000010000010000011
00000000001000000010000100000011
00000000001100000010000110000011
00000000010000000010001000000011
00000000010100000010001010000011
00000000011000000010001100000011
00000000011100000010001110000011
00000000101000000010010100000011
00000000101100000010010110000011
00000000000000001000010000010011
00000000000000000000000001110011
00000000100000000010000010100011
00000000000000010000010000010011
00000000000000000000000001110011
00000000100000000010000100100011
00000000000000011000010000010011
00000000000000000000000001110011
00000000100000000010000110100011
00000000000000100000010000010011
00000000000000000000000001110011
00000000100000000010001000100011
00000000000000101000010000010011
00000000000000000000000001110011
00000000100000000010001010100011
00000000000000110000010000010011
00000000000000000000000001110011
00000000100000000010001100100011
00000000000000111000010000010011
00000000000000000000000001110011
00000000100000000010001110100011
00000000100100000010011010000011
00000000000101101100011010010011
00000000110100000010010010100011
00001010100000000000000001101111
01000000101001010000010100110011
00000000000001100100011010110111
00000000110100110000010001100011
00001001100000000000000001101111
00000000000000000000001100110111
00000000000100111000001110010011
11111000010111111111000001101111
00000000000000000001001010110111
00000000000000000001001000110111
00000000000100110000001100010011
00000000000101010000010100010011
00000000000000000100011010110111
11111100110101010000100011100011
11110110100111111111000001101111
00000000000000000001001000110111
00000000000101011100010110010011
00000000000100101000001010010011
00000000000000001101011010110111
11111100010101101000101011100011
11110101000111111111000001101111
00000000000000011110011010110111
11111110010001101000001011100011
11110100010111111111000001101111
00000000000000011101011010110111
11111100010001101000110011100011
11110011100111111111000001101111
00000000000000000000011010110111
11111110110101010000001011100011
11111110110111111111000001101111
00000000000000011111011010110111
11111100110100100000000011100011
11110010000111111111000001101111
00000000000000100000011010110111
11111010110100100000101011100011
11110001010111111111000001101111
00000000000000000000011010110111
11111110101101101000100011100011
11111110000111111111000001101111
00000000000000000001011010110111
11111110101101101000001011100011
11111101010111111111000001101111
00000000000100100000001000010011
00000000000000000010011010110111
11111010010101101000111011100011
00000000000000000111011010110111
11111110010101101101001011100011
11111101010111111111000001101111
00000000000000000000000000000000
00000000000000000000000000000000
00000000000000000000000000000000
00000000000000000000000000000000
00000000000000000000000000000000
00000000000000000000000000000000
00000000000000000000000000000000
00000000000000000000000000000000
00000000000000000000000000000000
00000000000000000000000000000000
00000000000000000000000000000000
00000000000000000000000000000000
00000000000000000000000000000000
00000000000000000000000000000000
00000000000000000000000000000000
00000000000000000000000000000000
00000000000000000000000000000000
00000000000000000000000000000000
00000000000000000000000000000000
00000000000000000000000000000000
00000000000000000000000000000000
00000000000000000000000000000000
00000000000000000000000000000000
00000000000000000000000000000000
00000000000000000000000000000000
00000000000000000000000000000000
00000000000000000000000000000000
00000000000000000000000000000000
00000000000000000000000000000000
00000000000000000000000000000000
00000000000000000000000000000000
00000000000000000000000000000000
00000000000000000000000000000000
00000000000000000000000000000000
00000000000000000000000000000000
00000000000000000000000000000000
00000000000000000000000000000000
00000000000000000000000000000000
00000000000000000000000000000000
00000000000000000000000000000000
00000000000000000000000000000000
00000000000000000000000000000000
00000000000000000000000000000000
00000000000000000000000000000000
00000000000000000000000000000000
00000000000000000000000000000000
00000000000000000000000000000000
00000000000000000000000000000000
00000000000000000000000000000000
00000000000000000000000000000000
00000000000000000000000000000000
00000000000000000000000000000000
00000000000000000000000000000000
00000000000000000000000000000000
00000000000000000000000000000000
00000000000000000000000000000000
00000000000000000000000000000000
00000000000000000000000000000000
00000000000000000000000000000000
00000000000000000000000000000000
00000000000000000000000000000000
00000000000000000000000000000000
00000000000000000000000000000000
00000000000000000000000000000000
00000000000000000000000000000000
00000000000000000000000000000000
00000000000000000000000000000000
00000000000000000000000000000000
00000000000000000000000000000000
00000000000000000000000000000000
00000000000000000000000000000000
00000000000000000000000000000000
00000000000000000000000000000000
00000000000000000000000000000000
00000000000000000000000000000000
00000000000000000000000000000000
00000000000000000000000000000000
00000000000000000000000000000000
00000000000000000000000000000000
00000000000000000000000000000000
00000000000000000000000000000000
00000000000000000000000000000000
00000000000000000000000000000000
00000000000000000000000000000000
00000000000000000000000000000000
00000000000000000000000000000000
00000000000000000000000000000000
00000000000000000000000000000000
00000000000000000000000000000000
00000000000000000000000000000000
00000000000000000000000000000000
00000000000000000000000000000000
00000000000000000000000000000000
00000000000000000000000000000000
00000000000000000000000000000000
00000000000000000000000000000000
00000000000000000000000000000000
00000000000000000000000000000000
00000000000000000000000000000000
00000000000000000000000000000000
00000000000000000000000000000000
00000000000000000000000000000000
00000000000000000000000000000000
00000000000000000000000000000000
00000000000000000000000000000000
00000000000000000000000000000000
00000000000000000000000000000000
00000000000000000000000000000000
00000000000000000000000000000000
00000000000000000000000000000000
00000000000000000000000000000000
00000000000000000000000000000000
00000000000000000000000000000000
00000000000000000000000000000000
00000000000000000000000000000000
00000000000000000000000000000000
00000000000000000000000000000000
00000000000000000000000000000000
00000000000000000000000000000000
00000000000000000000000000000000
00000000000000000000000000000000
00000000000000000000000000000000
00000000000000000000000000000000
00000000000000000000000000000000
00000000000000000000000000000000
00000000000000000000000000000000
00000000000000000000000000000000
00000000000000000000000000000000
